Irf Lepto Hadro 3FHL_J0500.9-6945e 3FHL_J0530.0-6900e 3FHL_J0531.8-6639e 
1 -0.409716 -0.521678 -0.0673908 -0.136118 -0.0593389 
-0.409716 1 -0.808808 -0.187959 -0.504773 -0.137289 
-0.521678 -0.808808 1 -0.141882 -0.362862 -0.113291 
-0.0673908 -0.187959 -0.141882 1 -0.0045245 -0.000224591 -0.000148184 0.010246 0.0503019 0.00648441 0.00606941 -0.0080724 0.0339832 -0.000128111 0.00976596 0.023584
-0.136118 -0.504773 -0.362862 -0.0045245 1 -0.00399959 -0.0659357 -0.054781 -0.0793138 -0.00963381 -0.0102088 -0.000713282 -0.0369988 -0.0706617 -0.0466542 -0.0217143
-0.0593389 -0.137289 -0.113291 -0.000224591 -0.00399959 1 -0.000102876 0.0130975 0.0708466 -0.106059 -0.0484773 0.000101154 0.0412523 -0.000169688 0.012104 0.0257529
-0.0103139 -0.0319861 -0.0554554 -0.000148184 -0.0659357 -0.000102876 1 0.00356873 -0.0136339 0.000495597 -0.000633048 -0.000792512 0.0139469 -0.0128901 0.0041077 0.0247896
-0.018337 -0.0279086 -0.0293717 0.010246 -0.054781 0.0130975 0.00356873 1 -0.0161204 0.000477845 -0.000886694 -0.000981569 0.0167395 -0.000904969 0.00463511 0.0291749
-0.0476497 -0.015459 0.0111056 0.0503019 -0.0793138 0.0708466 -0.0136339 -0.0161204 1 0.00179349 -0.00291237 -0.00319693 0.0561516 -0.00297922 0.0164982 0.0992732
-0.0141075 -0.012522 -0.0337494 0.00648441 -0.00963381 -0.106059 0.000495597 0.000477845 0.00179349 1 -0.00163893 -0.00178159 0.0300846 -0.00120989 0.00897253 0.0529794
-0.0106511 -0.0119635 -0.0135642 0.00606941 -0.0102088 -0.0484773 -0.000633048 -0.000886694 -0.00291237 -0.00163893 1 -0.00220384 0.000165149 -0.00148632 0.00088301 -0.00940972
-0.00756951 -0.00908706 -0.0127952 -0.0080724 -0.000713282 0.000101154 -0.000792512 -0.000981569 -0.00319693 -0.00178159 -0.00220384 1 -0.0443765 -0.000539544 -0.0124634 -0.0225751
-0.0345156 0.00926185 -0.0108072 0.0339832 -0.0369988 0.0412523 0.0139469 0.0167395 0.0561516 0.0300846 0.000165149 -0.0443765 1 -0.00372644 0.02251 0.139781
0.00026109 -0.0243775 -0.019071 -0.000128111 -0.0706617 -0.000169688 -0.0128901 -0.000904969 -0.00297922 -0.00120989 -0.00148632 -0.000539544 -0.00372644 1 0.00726717 1.96527e-05
-0.00948509 -0.0188727 -0.0183461 0.00976596 -0.0466542 0.012104 0.0041077 0.00463511 0.0164982 0.00897253 0.00088301 -0.0124634 0.02251 0.00726717 1 0.12995
0.00760314 -0.0262958 -0.0261877 0.023584 -0.0217143 0.0257529 0.0247896 0.0291749 0.0992732 0.0529794 -0.00940972 -0.0225751 0.139781 1.96527e-05 0.12995 1

