
Irf Lepto Hadro 3FHL_J0500.9-6945e 3FHL_J0530.0-6900e 3FHL_J0531.8-6639e J0537-691 J0524.5-6937 J0534.1-6732 J0525.2-6614 J0535.3-6559 J0454.6-6825 J0537.0-7113 J0535-691 J0525-696 J0509.9-6418
1 -0.453754 -0.586189 0.0523591 -0.17959 -0.0748534 0.0230197 -0.033252 -0.00170305 -0.00758842 -0.0687516 -0.0667682 -0.0166562 0.00600432 0.0241345 -0.0350017
-0.453754 1 -0.808684 -0.184993 -0.530244 -0.115467 0.0676883 -0.0537043 -0.00832188 0.00527357 -0.144237 -0.14653 -0.0323758 -0.0328458 0.0580362 -0.0522478
-0.586189 -0.808684 1 0.0651556 -0.381222 -0.0816131 -0.134203 0.00053554 -0.0124023 -0.0373801 0.175509 0.1646 0.0100392 -0.0168957 -0.0981466 0.0682277
0.0523591 -0.184993 0.0651556 1 -0.00433818 -0.0007325 0.0201249 -0.00815406 0.00028781 0.00148454 -0.0231394 -0.0284918 0.0007508 0.00236584 0.0119742 -0.00836807
-0.17959 -0.530244 -0.381222 -0.0043381 1 -0.00264793 -0.0977649 -0.0456265 -0.00153685 -0.00100026 0.0132635 0.0134555 -0.0004672 -0.0722812 0.0059358 0.00499328
-0.0748534 -0.115467 -0.0816131 -0.0007325 -0.00264793 1 -0.0770058 0.0127567 -0.0248601 -0.0974497 -0.0485472 -0.0597265 -0.0006556 -0.00847673 -0.147326 0.0178482
0.0230197 0.0676883 -0.134203 0.0201249 -0.0977649 -0.0770058 1 -0.0211209 0.00080405 0.00445464 -0.0608479 -0.0588896 0.0019978 0.00360766 0.0317932 -0.021517
-0.033252 -0.0537043 0.000535 -0.00815406 -0.0456265 0.0127567 -0.0211209 1 0.0138885 0.0105831 -0.00066826 -0.00071916 0.00179249 0.00324935 0.0167285 -0.0101653
-0.00170305 -0.00832188 -0.0124023 0.00028781 -0.00153685 -0.0248601 0.00080405 0.0138885 1 0.048292 -0.00347525 -0.00303748 0.00817305 0.0148779 0.0760672 -0.0464224
-0.00758842 0.00527357 -0.0373801 0.00148454 -0.00100026 -0.0974497 0.00445464 0.0105831 0.048292 1 -0.002449 -0.00214217 0.00713557 0.0125492 0.0653625 -0.0391666
-0.0687516 -0.144237 0.175509 -0.0231394 0.0132635 -0.0485472 -0.0608479 -0.00066826 -0.00347525 -0.002449 1 -0.00181875 -0.0667482 9.5046e-05 -0.124716 -0.0183531
-0.0667682 -0.14653 0.1646 -0.0284918 0.0134555 -0.0597265 -0.0588896 -0.00071916 -0.00303748 -0.00214217 -0.00181875 1 -0.0642188 9.6859e-05 -0.114498 -0.018577
-0.0166562 -0.0323758 0.0100392 0.0007508 -0.0004672 -0.0006556 0.0019978 0.00179249 0.00817305 0.00713557 -0.0667482 -0.0642188 1 -0.0172838 -0.0899909 -0.0552358
0.00600432 -0.0328458 -0.0168957 0.00236584 -0.0722812 -0.00847673 0.00360766 0.00324935 0.0148779 0.0125492 9.5046e-05 9.6859e-05 -0.0172838 1 -0.0122091 -0.0734995
0.0241345 0.0580362 -0.0981466 0.0119742 0.0059358 -0.147326 0.0317932 0.0167285 0.0760672 0.0653625 -0.124716 -0.114498 -0.0899909 -0.0122091 1 -0.113861
-0.0350017 -0.0522478 0.0682277 -0.00836807 0.00499328 0.0178482 -0.021517 -0.0101653 -0.0464224 -0.0391666 -0.0183531 -0.018577 -0.0552358 -0.0734995 -0.113861 1
